order book at: 20200110093000030
sell list:
(78800, 1370000)
(78700, 6470000)
(78600, 2900000)
(78500, 6900000)
(78400, 7400000)
(78300, 10130000)
(78200, 9760000)
(78100, 610000)
(78000, 10441300)
(77900, 12820000)
-----------------------------------------------------------------
buy list:
(77800, 11630000)
(77700, 24920000)
(77600, 150000)
(77500, 2370000)
(77400, 29370000)
(77300, 9550000)
(77200, 2940000)
(77100, 5200000)
(77000, 2760000)
(76900, 12910000)

order book at: 20200110103000190
sell list:
(77600, 9940000)
(77500, 9850000)
(77400, 1450000)
(77300, 6670000)
(77200, 7280000)
(77100, 3860000)
(77000, 4700000)
(76900, 3640000)
(76800, 4680000)
(76700, 7950000)
-----------------------------------------------------------------
buy list:
(76700, 10000)
(76600, 10024100)
(76500, 55340000)
(76400, 22119300)
(76300, 16300000)
(76200, 32650000)
(76100, 28650000)
(76000, 49370000)
(75900, 15400000)
(75800, 15930000)

order book at: 20200110133003190
sell list:
(77500, 21160000)
(77400, 4300000)
(77300, 3720000)
(77200, 8080000)
(77100, 6300000)
(77000, 10140000)
(76900, 10140000)
(76800, 12170000)
(76700, 16820000)
(76600, 7225000)
-----------------------------------------------------------------
buy list:
(76500, 21800000)
(76400, 40989300)
(76300, 31590000)
(76200, 39540000)
(76100, 41800000)
(76000, 110610000)
(75900, 17290000)
(75800, 27750000)
(75700, 8660000)
(75600, 11340000)

