order book at: 20200110093000010
sell list:
(62700, 300000)
(62600, 550000)
(62500, 1250000)
(62400, 1550000)
(62300, 200000)
(62200, 210000)
(62100, 300000)
(62000, 560000)
(61900, 2350000)
(61700, 1350000)
-----------------------------------------------------------------
buy list:
(61500, 3460000)
(61300, 5310000)
(61200, 400000)
(61100, 5000000)
(61000, 5140000)
(60900, 1680000)
(60800, 8770000)
(60700, 100000)
(60600, 2180000)
(60500, 1470000)

order book at: 20200110103009160
sell list:
(61900, 3990000)
(61800, 4640000)
(61700, 4020000)
(61600, 5420000)
(61500, 4990000)
(61400, 8460000)
(61300, 9056100)
(61200, 9660000)
(61100, 4130000)
(61000, 5700000)
-----------------------------------------------------------------
buy list:
(60900, 13530000)
(60800, 17470000)
(60700, 11090000)
(60600, 5670000)
(60500, 8480000)
(60400, 1200000)
(60300, 12000000)
(60200, 1970000)
(60100, 4960000)
(60000, 3660000)

order book at: 20200110133001200
sell list:
(61900, 4650000)
(61800, 3770000)
(61700, 6580000)
(61600, 15270000)
(61500, 9430000)
(61400, 10990000)
(61300, 10635300)
(61200, 8590000)
(61100, 5910000)
(61000, 340000)
-----------------------------------------------------------------
buy list:
(60900, 4280000)
(60800, 4340000)
(60700, 10289300)
(60600, 20730900)
(60500, 14800000)
(60400, 3690000)
(60300, 14060000)
(60200, 5000000)
(60100, 5440000)
(60000, 20500000)

