order book at: 20200110093000000
sell list:
(209200, 1020000)
(209100, 650000)
(209000, 1550000)
(208900, 500000)
(208600, 500000)
(208500, 90000)
(208300, 120000)
(208100, 1520000)
(208000, 19917100)
(207900, 710000)
-----------------------------------------------------------------
buy list:
(207700, 10000)
(207600, 90000)
(207500, 370000)
(207300, 300000)
(207200, 60000)
(207100, 3270000)
(207000, 640000)
(206900, 10000)
(206800, 3630000)
(206600, 500000)

order book at: 20200110103000070
sell list:
(202900, 2762300)
(202800, 300000)
(202700, 15720000)
(202600, 1350000)
(202500, 1770000)
(202400, 110000)
(202300, 1300000)
(202200, 10000)
(202100, 14650000)
(202000, 180000)
-----------------------------------------------------------------
buy list:
(202000, 460000)
(201900, 1730000)
(201800, 8110000)
(201700, 2140000)
(201600, 5940000)
(201500, 6480000)
(201400, 1460000)
(201300, 2910000)
(201200, 7550000)
(201100, 5150000)

order book at: 20200110133000330
sell list:
(202900, 6772300)
(202800, 3490000)
(202700, 2990000)
(202600, 3550000)
(202500, 1210000)
(202400, 750000)
(202300, 1890000)
(202200, 320000)
(202100, 350000)
(202000, 5180000)
-----------------------------------------------------------------
buy list:
(201900, 170000)
(201800, 6550500)
(201700, 9540000)
(201600, 6550000)
(201500, 13410000)
(201400, 3490000)
(201300, 17810000)
(201200, 11240000)
(201100, 7810000)
(201000, 27100000)

