order book at: 20200110093000000
sell list:
(1175000, 110000)
(1174800, 10000)
(1173000, 20000)
(1170000, 60000)
(1169100, 10000)
(1166000, 370000)
(1165900, 40000)
(1165000, 20000)
(1161800, 10000)
(1161500, 200000)
-----------------------------------------------------------------
buy list:
(1161500, 251400)
(1161000, 20000)
(1160800, 10000)
(1160000, 300000)
(1159800, 230000)
(1159000, 170000)
(1158900, 350000)
(1158800, 20000)
(1158000, 50000)
(1157800, 10000)

order book at: 20200110103000550
sell list:
(1170600, 20000)
(1170400, 2060000)
(1170300, 60000)
(1170200, 10000)
(1170100, 30000)
(1170000, 70000)
(1169900, 20000)
(1169700, 10000)
(1169100, 260000)
(1168500, 20000)
-----------------------------------------------------------------
buy list:
(1168200, 200000)
(1168100, 260000)
(1168000, 910000)
(1167800, 30000)
(1167500, 80000)
(1167400, 10000)
(1167200, 20000)
(1167100, 240000)
(1167000, 520000)
(1166900, 210000)

order book at: 20200110133000780
sell list:
(1179000, 30000)
(1178800, 40000)
(1178700, 10000)
(1178500, 50000)
(1178000, 820000)
(1177800, 30000)
(1177700, 690000)
(1177400, 20000)
(1177000, 500000)
(0, 100000)
-----------------------------------------------------------------
buy list:
(1176400, 190000)
(1176300, 130000)
(1176200, 10000)
(1176100, 10000)
(1176000, 120000)
(1175900, 50000)
(1175800, 610000)
(1175700, 10000)
(1175600, 80000)
(1175200, 60000)

