order book at: 20200110093000030
sell list:
(859600, 110000)
(859500, 70000)
(859300, 30000)
(859000, 100000)
(858900, 30000)
(858500, 10000)
(858000, 10000)
(856000, 60000)
(855900, 20000)
(855100, 40000)
-----------------------------------------------------------------
buy list:
(855000, 222500)
(854900, 10000)
(854400, 20000)
(854300, 50000)
(852400, 10000)
(851800, 40000)
(851000, 170000)
(850400, 10000)
(850100, 50000)
(850000, 40000)

order book at: 20200110103001060
sell list:
(864600, 40000)
(864100, 40000)
(864000, 20000)
(863800, 20000)
(863700, 30000)
(863600, 290000)
(863500, 20000)
(863400, 40000)
(863100, 10000)
(862900, 20000)
-----------------------------------------------------------------
buy list:
(862100, 260000)
(862000, 90000)
(861900, 30000)
(861800, 30000)
(861600, 20000)
(861500, 30000)
(861400, 40000)
(861200, 20000)
(861100, 160000)
(861000, 50000)

order book at: 20200110133000510
sell list:
(848500, 50000)
(848400, 30000)
(848000, 220000)
(847700, 10000)
(847600, 10000)
(847500, 20000)
(847000, 270000)
(846900, 10000)
(846800, 190000)
(846600, 130000)
-----------------------------------------------------------------
buy list:
(846300, 50000)
(846200, 40000)
(846100, 30000)
(846000, 110000)
(845900, 40000)
(845700, 70000)
(845500, 120000)
(845400, 10000)
(845300, 220000)
(845200, 280000)

