order book at: 20200110093000020
sell list:
(209800, 120000)
(209500, 500000)
(209200, 350000)
(209000, 260000)
(208500, 820000)
(208300, 500000)
(208000, 1360000)
(207800, 500000)
(207500, 50000)
(206500, 40000)
-----------------------------------------------------------------
buy list:
(205800, 100000)
(205100, 130000)
(205000, 50000)
(204000, 400000)
(203800, 10000)
(203600, 150000)
(203500, 340000)
(203100, 190000)
(203000, 700000)
(202500, 150000)

order book at: 20200110103001450
sell list:
(206300, 200000)
(206200, 450000)
(206000, 1584000)
(205900, 110000)
(205800, 463500)
(205700, 200000)
(205600, 60000)
(205500, 70000)
(205300, 370000)
(204900, 10000)
-----------------------------------------------------------------
buy list:
(204900, 40000)
(204800, 60000)
(204700, 70000)
(204600, 60000)
(204500, 670000)
(204400, 680000)
(204300, 1010000)
(204200, 250000)
(204100, 140000)
(204000, 1770000)

order book at: 20200110133003370
sell list:
(205800, 613500)
(205700, 270000)
(205600, 80000)
(205500, 170000)
(205300, 40000)
(205200, 107500)
(205000, 903000)
(204600, 90000)
(204400, 30000)
(204100, 1335800)
-----------------------------------------------------------------
buy list:
(204000, 266000)
(203900, 50000)
(203800, 420000)
(203600, 920000)
(203500, 1360000)
(203400, 140000)
(203300, 460000)
(203200, 200000)
(203100, 730000)
(203000, 840000)

